0.000000 0.000000 0.000000
0.000000 0.000000 0.000000
0.000000 0.000000 0.000000
0.000000 0.000000 0.000000
-0.215748 -0.219902 -0.000000
-0.688488 -0.550679 -0.000000
-1.210407 -1.940312 -0.000000
-1.516578 -2.267394 -0.000001
-1.892550 -2.718285 -0.000001
-3.228282 -3.531368 -0.000002
-4.500558 -4.192922 -0.000003
-5.377826 -4.734361 -0.000004
-6.174189 -5.423634 -0.000005
-5.828359 -5.865286 -0.000005
-5.860086 -6.144321 -0.000006
-6.226541 -6.870552 -0.000007
-6.297927 -6.619236 -0.000007
-5.834705 -7.225353 -0.000007
-6.013966 -7.864732 -0.000008
-6.811916 -8.263881 -0.000009
-7.530546 -9.208166 -0.000011
-8.483961 -9.869719 -0.000013
-9.229561 -10.516490 -0.000015
-9.910118 -11.072712 -0.000017
-10.695377 -11.436751 -0.000019
-11.203019 -11.943079 -0.000021
-11.761426 -12.684093 -0.000023
-12.229409 -13.473153 -0.000026
-12.848099 -14.384175 -0.000029
-13.384297 -15.210193 -0.000032
-13.941117 -15.958599 -0.000035
-14.494765 -16.725484 -0.000038
-15.357758 -17.331599 -0.000042
-15.958997 -17.861950 -0.000045
-16.996491 -18.355342 -0.000049
-17.908662 -18.948522 -0.000053
-18.858906 -19.698774 -0.000058
-19.756799 -20.158904 -0.000063
-20.757807 -20.726212 -0.000068
-21.468507 -21.465378 -0.000072
-22.101475 -22.241501 -0.000077
-22.807417 -23.250462 -0.000083
-23.349962 -23.980388 -0.000088
-24.008312 -24.736185 -0.000093
-24.658731 -25.458718 -0.000099
-25.372604 -26.136902 -0.000104
-26.113447 -26.792911 -0.000110
-26.768624 -27.221626 -0.000114
-27.593544 -27.694690 -0.000120
-28.618349 -28.380265 -0.000128
-30.247566 -28.908764 -0.000137
-31.380247 -29.865982 -0.000147
-32.482786 -30.691997 -0.000157
-33.385440 -31.475511 -0.000165
-34.234158 -32.214675 -0.000173
-35.006729 -32.963078 -0.000182
-35.847515 -33.648653 -0.000190
-36.696233 -34.315747 -0.000198
-37.491013 -34.923709 -0.000206
-38.357181 -35.502104 -0.000214
-39.223349 -36.111913 -0.000223
-39.948329 -36.747594 -0.000231
-40.728833 -37.593937 -0.000241
-41.604521 -38.503108 -0.000252
-42.688025 -39.454781 -0.000265
-43.723939 -40.476674 -0.000279
-44.631356 -41.603900 -0.000292
-45.592709 -42.503831 -0.000305
-46.692078 -43.425936 -0.000319
-47.892976 -44.429350 -0.000335
-48.768664 -45.153729 -0.000347
-49.542823 -45.754298 -0.000357
-50.301119 -46.391826 -0.000368
-51.064173 -46.983155 -0.000378
-51.985866 -47.454370 -0.000389
-52.947219 -48.069721 -0.000401
-54.045001 -48.688767 -0.000415
-55.118988 -49.337381 -0.000430
-56.072409 -49.982298 -0.000443
-56.851330 -50.854511 -0.000457
-57.669910 -51.704548 -0.000471
-58.610641 -52.375336 -0.000485
-59.640209 -52.953728 -0.000499
-60.590458 -53.539513 -0.000513
-61.594645 -54.330415 -0.000529
-62.538550 -55.034466 -0.000545
-63.372993 -55.551877 -0.000557
-64.166190 -56.182012 -0.000571
-65.081541 -57.008025 -0.000588
-66.007994 -57.530980 -0.000602
-66.728219 -58.288621 -0.000616
-67.354846 -58.902125 -0.000628
-68.041756 -59.646831 -0.000643
-68.782604 -60.391537 -0.000658
-69.499658 -61.335817 -0.000674
-70.254784 -62.185854 -0.000691
-71.000391 -62.782726 -0.000705
-71.849112 -63.327855 -0.000720
-72.788259 -64.061472 -0.000738
-73.702024 -64.850526 -0.000756
-74.574545 -65.792957 -0.000776
-75.374091 -66.698430 -0.000795
-75.994375 -67.522597 -0.000811
-76.665424 -68.367089 -0.000828
-77.420552 -69.261476 -0.000847
-78.394602 -70.277822 -0.000870
-79.292504 -71.044701 -0.000890
-80.217376 -71.920606 -0.000911
-81.185081 -72.789120 -0.000933
-82.046496 -73.602196 -0.000954
-82.871426 -74.437448 -0.000974
-83.659868 -75.252373 -0.000994
-84.337264 -76.155999 -0.001014
-84.948031 -77.007883 -0.001032
-85.485824 -77.806179 -0.001049
-85.904637 -78.558277 -0.001064
-86.313932 -79.267874 -0.001078
-86.701017 -80.016277 -0.001093
-86.788274 -80.657503 -0.001102
-86.758138 -81.263620 -0.001109
-86.783528 -82.224536 -0.001122
-86.601101 -83.166975 -0.001132
-86.334595 -84.107567 -0.001141
-86.163274 -85.306866 -0.001154
-85.955467 -86.520949 -0.001168
-85.654062 -87.629701 -0.001179
-85.554130 -89.015639 -0.001197
-85.254311 -90.148415 -0.001209
-84.868825 -91.042809 -0.001217
-84.513481 -92.007424 -0.001226
-84.250148 -92.990518 -0.001237
-84.156560 -94.169490 -0.001253
-84.040763 -95.381724 -0.001269
-84.453242 -97.408885 -0.001305
-83.913875 -98.323608 -0.001312
-84.001136 -99.480403 -0.001332
-83.127038 -100.105005 -0.001330
-82.587671 -101.028968 -0.001338
-82.257708 -101.908579 -0.001347
-82.049900 -103.137445 -0.001365
-81.876992 -104.259131 -0.001381
-81.527993 -105.301359 -0.001393
-80.964833 -106.617080 -0.001408
-80.690396 -107.735071 -0.001423
-80.174829 -109.263302 -0.001443
-79.978126 -110.588259 -0.001464
-79.962272 -111.852234 -0.001485
-79.946416 -112.924026 -0.001504
-79.832204 -114.012450 -0.001522
-79.836970 -114.888362 -0.001538
-79.595845 -115.862216 -0.001553
-79.489564 -116.832373 -0.001569
-79.342037 -117.867207 -0.001587
-79.191337 -118.942695 -0.001605
-79.004151 -120.053294 -0.001623
-78.882007 -121.189764 -0.001643
-78.891533 -122.254164 -0.001664
-78.829672 -123.412808 -0.001685
-78.693251 -124.617650 -0.001707
-78.553657 -125.752272 -0.001728
-78.458480 -126.787106 -0.001747
-78.271293 -127.803461 -0.001765
-77.866771 -129.106245 -0.001787
-77.641510 -130.098578 -0.001804
-77.417834 -130.961556 -0.001819
-77.208436 -131.807904 -0.001834
-77.348047 -132.935132 -0.001859
-77.286187 -134.175084 -0.001885
-77.216395 -135.559174 -0.001913
-77.086321 -136.985766 -0.001942
-76.391494 -139.110875 -0.001980
-75.869579 -140.613235 -0.002007
-75.495197 -141.729379 -0.002027
-74.981212 -142.923136 -0.002048
-74.657594 -144.118741 -0.002071
-74.326046 -145.380870 -0.002096
-74.113477 -146.641150 -0.002123
-73.866007 -147.882952 -0.002149
-73.344088 -148.886374 -0.002166
-73.026815 -149.941536 -0.002187
-72.668297 -151.138988 -0.002211
-72.508079 -152.386333 -0.002239
-72.398626 -153.655852 -0.002269
-71.242150 -155.250612 -0.002295
-70.902668 -156.477631 -0.002321
-70.801146 -157.619644 -0.002348
-70.924892 -158.682195 -0.002376
-70.975664 -159.731811 -0.002403
-71.021678 -160.884910 -0.002432
-71.007408 -162.050945 -0.002462
-70.999483 -163.106106 -0.002489
-71.399267 -164.571500 -0.002531
-71.895816 -165.192397 -0.002553
-71.886302 -165.868734 -0.002570
-71.591237 -166.818565 -0.002592
-70.956682 -167.836771 -0.002611
-70.783771 -168.771818 -0.002634
-70.355448 -169.679148 -0.002654
-70.155566 -170.446035 -0.002672
-69.930303 -171.371842 -0.002695
-69.581300 -172.393742 -0.002718
-69.440119 -173.711307 -0.002753
-69.295765 -175.028872 -0.002787
-69.035604 -176.544165 -0.002826
-68.661220 -177.619655 -0.002852
-68.297942 -178.955701 -0.002886
-67.488885 -180.557850 -0.002923
-67.089119 -181.940093 -0.002958
-66.873376 -183.148632 -0.002990
-66.863863 -184.059655 -0.003017
-67.222397 -184.930021 -0.003046
-67.020931 -186.108993 -0.003078
-66.630682 -187.225137 -0.003107
-66.235673 -188.226710 -0.003132
-65.810523 -189.365029 -0.003162
-65.758176 -190.202135 -0.003186
-65.651894 -191.270231 -0.003217
-65.348900 -192.863137 -0.003262
-65.287037 -193.964495 -0.003295
-65.247386 -195.487179 -0.003341
-65.268018 -196.849093 -0.003384
-64.990403 -197.928277 -0.003414
-64.520831 -198.752451 -0.003435
-64.176585 -199.523034 -0.003456
-63.818062 -200.435907 -0.003481
-63.637218 -201.533570 -0.003514
-63.285047 -203.499755 -0.003573
-62.558481 -205.064944 -0.003616
-62.019109 -206.299355 -0.003651
-61.376620 -207.409957 -0.003681
-61.213224 -208.234128 -0.003706
-61.344903 -209.420490 -0.003747
-61.249726 -210.760229 -0.003790
-60.888032 -211.957681 -0.003826
-60.401009 -212.935232 -0.003854
-60.147188 -213.792666 -0.003881
-60.148780 -214.740647 -0.003913
-59.699829 -215.306112 -0.003928
-59.258812 -216.244856 -0.003956
-58.962159 -217.305561 -0.003989
-58.714686 -218.551058 -0.004029
-58.575089 -219.837209 -0.004073
-58.311749 -220.689099 -0.004100
-57.946879 -221.496641 -0.004124
-57.815212 -222.474189 -0.004157
-57.929439 -223.379667 -0.004190
-58.103950 -224.431131 -0.004229
-58.360953 -225.249756 -0.004260
-58.119822 -225.929791 -0.004282
-57.475742 -226.458298 -0.004295
-56.585766 -226.931369 -0.004304
-55.662475 -227.164212 -0.004304
-54.966041 -227.304657 -0.004303
-54.260087 -227.332380 -0.004298
-53.514473 -227.350863 -0.004293
-52.551519 -227.055201 -0.004274
-51.369640 -226.835305 -0.004256
-50.202038 -226.408442 -0.004232
-49.010640 -226.066583 -0.004211
-47.890631 -225.599065 -0.004185
-47.476573 -224.826638 -0.004155
-46.326421 -224.194656 -0.004124
-45.057291 -224.202053 -0.004115
-43.789747 -224.093032 -0.004103
-42.566622 -223.769651 -0.004083
-41.195960 -223.346484 -0.004059
-39.795155 -222.788419 -0.004031
-38.506986 -222.285790 -0.004005
-37.187089 -221.709245 -0.003977
-36.003625 -221.435758 -0.003961
-34.720217 -221.197381 -0.003945
-33.522475 -221.186297 -0.003939
-32.116914 -221.010750 -0.003925
-30.676451 -220.707696 -0.003908
-29.756332 -220.814878 -0.003907
-28.507825 -220.705854 -0.003898
-27.446515 -220.565415 -0.003888
-26.412174 -220.413889 -0.003878
-25.266784 -220.007350 -0.003860
-24.892391 -220.092355 -0.003861
-23.602637 -219.726471 -0.003844
-22.419173 -219.530594 -0.003833
-21.259505 -219.081553 -0.003813
-20.155362 -218.704580 -0.003797
-19.008385 -218.375653 -0.003782
-17.850304 -218.065205 -0.003768
-16.530410 -217.865633 -0.003757
-15.178786 -217.640189 -0.003746
-13.801781 -217.492358 -0.003738
-12.535824 -217.381484 -0.003732
-11.263522 -217.241044 -0.003724
-10.021362 -217.154193 -0.003719
-8.547585 -216.808634 -0.003705
-7.367295 -216.586885 -0.003696
-6.166381 -216.333721 -0.003686
-5.054307 -215.884678 -0.003670
-4.021553 -215.762716 -0.003665
-2.949139 -215.779348 -0.003665
-1.732361 -215.620428 -0.003659
-0.396603 -215.382046 -0.003651
0.824934 -215.104859 -0.003642
1.994119 -214.933003 -0.003636
3.190273 -214.685382 -0.003628
4.441951 -214.422977 -0.003620
5.593686 -214.177204 -0.003613
6.588365 -213.887080 -0.003604
7.270522 -213.859361 -0.003604
8.342936 -213.857512 -0.003605
9.610478 -213.741093 -0.003603
10.751108 -213.748483 -0.003605
11.874287 -213.744786 -0.003607
12.818201 -213.650541 -0.003606
13.719282 -213.478684 -0.003602
14.636228 -213.432485 -0.003602
15.762580 -213.523031 -0.003608
17.106270 -213.545204 -0.003612
18.516589 -213.214425 -0.003605
20.328270 -212.985280 -0.003603
21.998760 -212.835595 -0.003603
23.470949 -212.528838 -0.003598
24.774977 -212.124141 -0.003590
25.844217 -211.434866 -0.003571
26.992775 -210.335353 -0.003539
28.271418 -209.043656 -0.003502
29.651592 -207.855442 -0.003469
30.489213 -206.473199 -0.003428
31.055557 -205.079868 -0.003386
31.686944 -203.919375 -0.003352
32.491250 -202.585177 -0.003313
33.170229 -201.361854 -0.003277
34.371135 -199.643289 -0.003230
34.977138 -198.057774 -0.003183
35.552999 -196.492588 -0.003138
35.995602 -194.940336 -0.003092
36.235145 -193.753973 -0.003058
36.330326 -192.599026 -0.003023
36.312871 -191.420055 -0.002987
36.398533 -190.109882 -0.002948
36.279549 -189.060266 -0.002916
36.092349 -188.125221 -0.002888
35.871835 -187.097781 -0.002856
35.624352 -186.051861 -0.002824
35.110353 -185.046596 -0.002792
34.626495 -183.869475 -0.002755
34.252099 -182.736704 -0.002720
33.852321 -181.611324 -0.002686
33.776170 -180.509966 -0.002654
33.588970 -179.210882 -0.002616
33.512819 -177.950603 -0.002580
33.344656 -176.607169 -0.002542
33.309751 -175.350586 -0.002507
33.420796 -174.264011 -0.002478
33.549290 -172.953838 -0.002443
33.666680 -171.625186 -0.002407
33.699990 -170.265119 -0.002371
33.793584 -169.023319 -0.002338
33.999813 -167.925656 -0.002310
33.768194 -166.731903 -0.002277
33.866547 -165.340422 -0.002241
33.252604 -163.974814 -0.002203
33.049540 -162.581486 -0.002166
33.165343 -161.252833 -0.002133
33.116161 -160.046144 -0.002102
33.078084 -159.005768 -0.002076
33.266861 -157.564392 -0.002041
33.699945 -156.097145 -0.002007
34.066399 -154.847953 -0.001978
34.686677 -153.267982 -0.001943
35.414831 -151.861716 -0.001913
36.001797 -151.009824 -0.001896
36.645872 -149.806829 -0.001872
37.029777 -148.613073 -0.001846
37.440650 -147.356489 -0.001819
37.769030 -146.042619 -0.001790
38.143416 -144.726901 -0.001763
38.430550 -143.381617 -0.001734
38.781139 -142.012310 -0.001705
39.076204 -140.622676 -0.001676
39.590193 -139.240432 -0.001649
40.476985 -137.791663 -0.001623
41.941227 -136.801174 -0.001611
42.482184 -135.533501 -0.001587
42.772490 -134.214088 -0.001561
43.026309 -132.961199 -0.001536
43.192876 -131.721247 -0.001512
43.302332 -130.581082 -0.001489
43.435584 -129.259821 -0.001463
43.724303 -127.816597 -0.001436
43.898801 -126.421420 -0.001409
44.071713 -125.079832 -0.001383
44.190687 -123.754875 -0.001358
44.377876 -122.433614 -0.001334
44.622176 -121.128984 -0.001311
45.012423 -119.728262 -0.001287
45.328110 -118.266559 -0.001262
45.718358 -116.989647 -0.001241
46.208549 -115.823610 -0.001223
46.882763 -114.755511 -0.001209
47.571254 -113.580233 -0.001193
48.269263 -112.467784 -0.001178
48.914921 -111.364575 -0.001164
49.585962 -110.433222 -0.001152
50.225275 -109.533284 -0.001142
50.943906 -108.424531 -0.001129
51.475344 -107.517201 -0.001117
52.060721 -106.925865 -0.001112
52.527118 -106.262461 -0.001105
53.044279 -105.599056 -0.001098
53.493224 -104.623354 -0.001086
54.230892 -103.612540 -0.001075
55.228729 -102.601724 -0.001067
56.356651 -101.881031 -0.001066
57.616244 -101.208382 -0.001066
58.677538 -100.437795 -0.001064
60.110046 -99.443608 -0.001061
61.223690 -98.780200 -0.001062
61.934390 -97.946785 -0.001056
63.048033 -97.157718 -0.001054
63.700035 -96.169079 -0.001046
64.331414 -95.263596 -0.001038
65.045284 -94.210280 -0.001030
65.803575 -93.373169 -0.001025
66.893421 -92.476922 -0.001024
67.573977 -91.534481 -0.001017
68.327508 -90.667803 -0.001013
68.873222 -89.873195 -0.001007
69.292024 -89.056413 -0.001000
70.024932 -88.210063 -0.000996
71.000556 -87.263923 -0.000994
72.036464 -86.341806 -0.000993
72.764610 -85.229355 -0.000986
73.280179 -83.954289 -0.000975
73.491157 -82.359536 -0.000957
73.440380 -80.583688 -0.000934
73.521278 -79.419500 -0.000920
73.630730 -78.081608 -0.000904
73.565680 -76.998730 -0.000891
74.290653 -75.982370 -0.000887
74.718968 -74.467076 -0.000874
74.896632 -72.805798 -0.000857
74.987045 -71.281266 -0.000840
75.461366 -69.889781 -0.000830
76.137158 -68.614714 -0.000825
76.641620 -67.324865 -0.000817
77.222227 -65.737500 -0.000807
77.472865 -64.183401 -0.000794
77.752056 -62.350265 -0.000779
78.194646 -60.744423 -0.000769
78.895819 -59.404678 -0.000765
79.906341 -58.382772 -0.000768
80.486948 -57.072595 -0.000764
80.926369 -55.973081 -0.000760
81.345164 -54.526160 -0.000752
81.433988 -52.683786 -0.000738
81.608477 -50.954135 -0.000726
82.223982 -49.324268 -0.000721
82.336609 -48.520423 -0.000716
81.573551 -47.711042 -0.000700
80.924713 -46.899811 -0.000686
80.769240 -45.933352 -0.000677
80.091847 -45.088860 -0.000662
79.568333 -44.194472 -0.000650
79.046406 -43.383240 -0.000638
78.343631 -42.568315 -0.000623
77.398139 -41.699801 -0.000606
76.338427 -40.816504 -0.000588
75.313619 -40.267681 -0.000572
74.315779 -39.739184 -0.000557
73.470230 -38.885452 -0.000542
72.657996 -38.210968 -0.000528
71.975846 -37.547571 -0.000517
70.939932 -36.778845 -0.000501
69.745380 -36.085884 -0.000483
68.630146 -35.113887 -0.000466
67.142109 -33.846226 -0.000443
65.884099 -32.563780 -0.000423
64.973508 -31.399598 -0.000408
64.294532 -30.845227 -0.000399
63.804335 -30.065410 -0.000390
63.103148 -29.222764 -0.000379
62.422584 -28.182391 -0.000368
61.933971 -27.099515 -0.000358
61.285135 -26.140450 -0.000348
60.671197 -24.798866 -0.000337
60.290458 -23.505326 -0.000328
60.074703 -22.283855 -0.000322
59.892263 -21.134452 -0.000316
59.330677 -19.977659 -0.000307
58.585069 -18.488242 -0.000296
58.118665 -17.048718 -0.000287
57.612602 -15.723765 -0.000279
57.003425 -14.470880 -0.000271
56.448186 -13.358438 -0.000264
55.639127 -12.445571 -0.000255
54.923664 -11.462483 -0.000247
54.047977 -10.544073 -0.000238
53.062829 -9.354020 -0.000227
52.274392 -8.141791 -0.000219
51.397118 -6.874124 -0.000211
50.741938 -5.782009 -0.000204
50.129591 -4.865445 -0.000199
49.602909 -4.161391 -0.000194
48.925522 -3.488753 -0.000188
48.162470 -2.562950 -0.000182
47.473977 -1.603884 -0.000177
46.587186 -0.474811 -0.000170
45.494166 0.606215 -0.000162
44.431288 1.674307 -0.000155
43.270055 2.522495 -0.000147
42.159587 3.461233 -0.000140
40.754054 3.893640 -0.000131
39.554750 4.564429 -0.000124
38.223776 5.281415 -0.000117
37.322708 6.659958 -0.000113
36.385154 8.031109 -0.000109
35.591961 9.466938 -0.000106
34.709931 10.592316 -0.000103
33.829489 11.507032 -0.000100
32.804687 12.179670 -0.000096
31.694222 12.724802 -0.000091
30.480643 13.074055 -0.000086
29.273409 13.489833 -0.000081
27.901192 13.824302 -0.000076
26.416343 14.044200 -0.000070
24.942599 14.129201 -0.000064
