0.000000 0.000000 0.000000
0.028524 -0.036460 -0.089377
0.524193 -0.139761 0.009536
1.349306 0.058536 0.014126
2.031079 0.334766 -0.028942
2.931082 0.513114 -0.002989
3.859375 0.760802 0.000456
4.832743 1.016317 0.025709
5.871858 1.248341 0.054453
6.776988 1.484112 0.117972
7.736291 1.769030 0.118674
8.745798 2.045642 0.171506
9.806815 2.239216 0.211416
10.852484 2.409920 0.275845
12.096118 2.715357 0.290778
12.996434 2.905533 0.342019
13.923365 3.132619 0.335941
14.847037 3.389153 0.387482
15.887037 3.669384 0.371229
17.091281 3.892250 0.416101
18.200089 4.073566 0.441661
19.226687 4.263166 0.501977
20.258832 4.481296 0.518911
21.105242 4.632263 0.566362
22.087999 4.859414 0.577743
23.119546 5.025518 0.610352
24.264319 5.268996 0.594047
25.528961 5.507653 0.603603
26.722344 5.800005 0.628565
27.865239 6.002430 0.675375
28.950555 6.177644 0.731379
30.103815 6.490804 0.741782
31.160621 6.722194 0.698151
32.136946 6.912574 0.683922
33.214026 7.125593 0.727839
34.501188 7.429164 0.724944
35.716319 7.730117 0.746406
36.990459 8.036012 0.776119
38.251781 8.340281 0.818249
39.444716 8.593026 0.876492
40.638061 8.685522 0.819098
41.997705 9.030147 0.885690
43.164274 9.293560 0.875733
44.265362 9.487718 0.882335
45.540149 9.749889 0.878797
46.828618 10.034232 0.914863
48.224477 10.277180 0.922022
49.514831 10.521036 0.929131
50.833414 10.745677 0.937730
52.291074 11.063850 0.943413
53.637514 11.344704 0.943792
54.969377 11.590970 0.986758
56.203771 11.818524 0.975564
57.621609 12.091858 0.964183
58.944402 12.348274 0.870941
60.194568 12.541932 0.801960
61.610817 12.810404 0.761558
62.957105 13.028128 0.800678
64.207344 13.195149 0.831014
65.468501 13.481870 0.834102
66.940937 13.722745 0.828791
68.357091 14.005517 0.851321
69.809138 14.353651 0.864164
71.220577 14.689843 0.888088
72.615825 14.907528 0.832250
73.822604 14.987941 0.750180
75.112590 15.221854 0.740799
76.322126 15.369436 0.735923
77.760952 15.659682 0.737164
79.077557 15.945574 0.747724
80.393446 16.203077 0.801602
81.836357 16.469829 0.797265
83.468337 16.779652 0.755268
84.930371 16.968213 0.774372
86.502753 17.250801 0.780856
88.077713 17.470352 0.770396
89.650167 17.618208 0.755751
91.170618 17.867067 0.719935
92.641671 18.294211 0.716061
94.162660 18.825167 0.727056
95.803681 19.163722 0.733950
97.537450 19.564853 0.842133
99.179866 19.994453 0.906174
100.833689 20.366988 0.965447
102.552194 20.751418 0.964760
104.151920 21.022054 0.966178
105.640902 21.261528 0.972193
106.983277 21.488173 1.014493
108.386957 21.555552 0.831081
109.765109 21.986422 0.914695
111.299883 22.245686 0.929489
112.740139 22.567647 0.905583
114.354989 23.011054 0.918586
115.930114 23.537816 0.813520
117.450286 24.004629 0.878851
119.165520 24.429019 0.949607
120.715952 24.839287 0.863751
122.240664 25.561186 0.701831
123.885500 26.223307 0.624873
125.620251 26.690579 0.616873
127.484239 27.264561 0.543265
129.871491 28.012635 0.443519
131.783727 28.489717 0.451514
133.639866 28.858046 0.397859
135.679791 29.097392 0.494841
137.640214 29.230522 0.356952
139.576826 29.480478 0.365525
141.692285 29.600976 0.297419
143.652895 29.898335 0.292077
145.699443 30.302322 0.493482
147.747753 30.854972 0.682080
149.807021 31.354723 0.475989
151.953677 31.980916 0.486829
153.876138 32.659748 0.588568
155.517450 33.511545 0.953864
157.261733 34.537473 0.904135
158.849210 35.730067 1.076672
159.986069 36.956813 0.917474
161.006601 38.436026 0.776935
161.862403 40.184771 0.414193
162.524807 41.839048 0.311814
163.278164 43.671461 0.379629
163.834375 45.569654 0.484294
164.320701 47.616881 0.530870
164.720669 49.406179 0.520265
165.289720 51.458581 0.566653
165.909151 53.693376 0.659989
166.199603 55.331088 0.814011
166.564909 57.072569 0.755870
167.157576 58.885457 0.720496
167.940502 60.845713 0.668227
168.624282 62.629606 0.562056
169.353539 64.423847 0.516249
169.928174 66.391679 0.557722
170.659022 68.317148 0.543458
170.997128 70.009450 0.615749
171.579544 71.782994 0.656986
172.360457 73.433478 0.695618
172.978443 75.002072 0.618157
173.629539 76.741830 0.611500
174.075760 78.490867 0.607284
174.678038 80.306811 0.612861
175.314704 82.145494 0.603297
176.224200 84.287081 0.631312
177.070542 86.202324 0.687538
177.873986 88.105523 0.704810
178.492998 89.684230 0.725438
179.072577 91.450901 0.750273
179.805298 93.374862 0.735102
180.493367 95.438533 0.753167
181.318594 97.329751 0.771510
181.973143 99.400501 0.677803
182.905126 101.584422 0.544915
183.827114 103.418094 0.569366
184.842872 105.385646 0.550766
185.725673 107.516335 0.562339
186.616640 109.587514 0.575253
187.284378 111.318789 0.526607
187.954040 113.227160 0.499523
188.562248 114.964491 0.433341
189.012579 116.605395 0.309010
189.270204 118.875685 0.267984
189.788212 120.085132 0.113843
190.320830 121.841842 0.162235
191.082779 123.594556 0.369304
191.669067 125.550539 0.288892
192.275870 127.406077 0.171847
193.124579 129.179477 0.260682
194.034936 130.951171 0.229948
194.864916 132.757269 0.222327
195.704339 134.751327 0.212076
196.498930 136.929597 0.223549
197.229868 138.916483 0.258602
198.044951 141.067966 0.212099
198.903292 142.919214 0.250126
199.704451 144.781280 0.304841
200.597646 146.484753 0.286025
201.400777 148.496436 0.285498
202.065755 150.756724 0.392162
202.554911 152.768418 0.313312
203.284154 154.836100 0.351206
203.991500 156.755364 0.313466
204.529947 158.516737 0.325544
205.221139 160.182066 0.283622
206.075262 161.921013 0.345227
206.875827 163.793846 0.325908
207.560987 165.839861 0.290030
208.317185 167.874903 0.304706
208.943728 169.871066 0.286459
209.685170 171.639375 0.235651
210.506477 173.757996 0.210777
211.094678 175.681435 0.271738
211.718811 177.811069 0.298226
212.294614 179.782326 0.291106
212.735175 181.635152 0.234281
213.664030 183.254333 0.496793
214.580014 184.617432 0.597641
215.512475 186.513533 0.612900
216.335784 188.141747 0.679425
216.347802 189.913397 0.969711
216.849794 191.698386 1.126732
217.549187 193.157928 1.179346
218.186482 194.876766 1.302237
218.885006 196.403085 1.233327
219.440960 198.102419 1.051023
220.207367 199.972911 0.972603
221.015753 201.936213 1.003614
221.780508 203.810277 0.912041
222.612496 205.804374 0.921607
223.677918 207.665215 0.836062
224.423337 209.661858 0.818813
225.392510 211.483763 0.785386
226.270912 213.493868 0.807292
226.928146 215.128513 0.876959
227.787448 216.965151 0.881689
228.651088 218.727964 1.037115
229.452518 220.667053 1.028258
230.286733 222.422368 1.022871
231.251958 224.220836 1.101280
231.888704 226.023246 0.988924
232.661549 228.041815 0.974158
233.391798 230.181498 0.995300
234.043382 231.924874 0.950440
234.862029 233.727546 1.009508
235.864784 235.456858 1.072342
236.549714 237.408945 1.091180
237.368101 239.345068 1.115052
238.151785 241.414739 1.096386
239.035881 243.332745 1.135776
239.988827 245.278506 1.118426
240.645389 247.105910 1.128860
241.329050 248.988087 1.105247
242.279627 250.603006 1.116188
242.794105 252.430021 1.047401
242.994976 253.946947 1.091583
243.818614 255.519347 1.158537
244.304859 257.286663 1.200191
245.199680 259.012802 1.319223
245.835873 260.869392 1.353950
246.613775 262.589644 1.383594
247.228914 264.294162 1.387539
247.905244 265.746079 1.315344
248.307681 267.042172 1.186904
248.863585 268.405485 1.036384
249.592564 269.852183 0.837252
249.838919 271.061917 0.661765
249.973860 272.338629 0.642726
250.366807 273.778322 1.009552
250.109048 275.298978 1.380348
249.645031 276.554956 1.482949
248.927006 277.746359 0.986239
248.119407 278.724470 0.854807
247.312683 279.465792 0.555272
246.574821 280.032945 0.626293
245.122237 280.808054 0.287699
243.383049 281.738370 0.225786
241.737222 282.678602 0.184334
239.828202 283.602299 0.106325
237.986092 284.395483 0.112968
236.162623 285.294978 0.149724
234.255004 286.366391 0.158246
232.248493 287.589759 -0.029673
230.137795 288.859740 -0.007776
227.566765 290.401188 -0.027861
224.949222 291.790545 -0.096940
222.584533 293.002967 -0.096259
220.285483 294.249342 -0.065543
218.003182 295.313947 -0.125290
215.288691 296.614202 -0.117490
212.596019 298.028920 -0.101048
210.696540 299.055636 -0.098346
208.586454 300.256135 -0.164844
206.026509 301.446128 -0.181361
203.394975 302.695439 -0.217666
201.070805 303.879583 -0.194337
198.670425 305.053917 -0.226894
196.397185 306.343699 -0.243520
193.845259 307.610774 -0.260801
191.402537 308.895851 -0.263009
189.263394 309.927428 -0.296163
186.716509 311.268390 -0.297532
184.605137 312.291371 -0.343633
182.684769 313.264513 -0.289138
180.403034 314.492605 -0.295826
178.792298 315.429025 -0.276659
176.834461 316.490229 -0.189215
174.835871 317.599730 -0.200796
172.737146 318.741627 -0.204485
170.461471 319.836155 -0.302161
168.368569 320.948677 -0.366565
166.608125 321.936463 -0.279607
164.797574 323.078772 -0.213260
162.792853 324.144878 -0.207100
160.793940 325.311649 -0.247140
158.549326 326.542382 -0.290496
156.256910 327.726809 -0.346994
153.877975 328.997631 -0.390442
151.564315 330.316037 -0.422555
149.049712 331.529752 -0.434197
146.760486 332.777344 -0.441182
144.321777 334.124734 -0.451060
141.937199 335.304677 -0.483042
139.395309 336.612112 -0.528920
137.052361 337.762310 -0.543681
134.626980 338.992768 -0.496923
132.450174 340.164481 -0.481341
130.312359 341.343538 -0.525494
128.074816 342.585944 -0.564081
125.784823 343.832560 -0.546970
123.438933 344.997818 -0.630297
120.978351 346.343881 -0.717738
118.430295 347.821716 -0.639996
115.929543 349.216207 -0.633260
113.754248 350.534976 -0.718385
111.379711 351.984467 -0.764925
109.458119 353.154442 -0.779177
107.067338 354.322155 -0.762078
104.488884 355.557367 -0.744550
102.304517 356.714562 -0.766467
99.720024 357.750373 -0.639782
97.579225 358.545855 -0.826194
95.251072 359.534648 -1.201039
92.154779 360.235093 -1.713950
89.314156 360.671393 -2.039544
86.550738 360.915573 -2.060639
83.630079 361.151131 -2.682835
80.275662 361.012810 -2.880442
77.657842 360.868070 -3.075081
74.877267 360.342092 -2.635764
71.982037 359.574078 -2.725600
69.084227 358.557215 -2.668763
66.234485 357.289363 -2.827975
63.704182 355.843960 -3.157710
61.486603 354.499430 -3.582898
58.749967 352.832942 -3.852224
56.408196 350.847592 -3.679194
54.077849 348.839783 -4.069726
52.048746 346.810985 -4.087902
50.007742 344.667995 -4.331129
48.490155 342.746723 -4.503789
46.576946 340.448459 -4.492724
44.731056 338.290158 -4.447877
43.064173 336.147070 -4.542169
41.038785 333.866148 -4.616812
39.211735 331.678457 -4.693147
37.328806 329.543036 -4.745825
35.489615 327.245172 -4.696795
33.956844 325.290433 -4.817751
32.159549 323.348478 -4.836848
30.391095 321.549275 -4.908315
28.361839 319.706319 -4.948632
26.183531 317.397476 -5.107929
24.085693 315.333910 -5.220312
22.129785 313.352210 -5.274239
20.153240 311.305403 -5.348913
17.856071 309.066714 -5.486991
15.645686 306.949229 -5.539911
13.757726 305.270990 -5.635780
11.598618 303.382056 -5.778916
9.650387 301.768189 -5.780329
7.527829 299.818048 -5.851217
5.617308 298.126245 -5.975558
3.270402 295.998990 -6.040820
1.418330 294.438122 -6.157265
-0.766995 292.601555 -6.208235
-2.616031 291.214735 -6.203019
-5.045062 289.312771 -6.336984
-7.455572 287.600854 -6.410225
-9.595959 286.172181 -6.514296
-11.965788 284.573001 -6.555188
-14.374528 282.782857 -6.661310
-16.672562 281.249747 -6.817551
-18.911017 279.724752 -6.909680
-21.069990 278.226351 -7.015887
-23.438544 276.780612 -7.047831
-25.670897 275.405908 -7.147773
-28.326599 273.756905 -7.255185
-30.628418 272.379087 -7.317024
-33.233432 270.930277 -7.345649
-35.699899 269.623773 -7.349017
-38.249655 268.207390 -7.482052
-40.870849 266.631634 -7.724419
-43.381906 265.228728 -7.727739
-45.716137 263.975355 -7.737197
-48.431486 262.431620 -7.861585
-51.349639 260.726798 -7.968333
-53.826219 259.598735 -8.020845
-56.806164 258.261264 -8.032101
-59.502716 257.047570 -8.107176
-61.975905 255.923301 -8.030718
-64.798063 254.510571 -8.300567
-67.365644 253.215620 -8.279441
-69.522010 252.446373 -8.116617
-72.273123 251.418311 -8.341823
-74.993576 250.435036 -8.314087
-77.817073 249.273496 -8.448042
-80.795889 248.135290 -8.548276
-83.543746 247.072689 -8.578333
-86.289070 245.886458 -8.800280
-89.017369 244.945284 -8.796991
-91.931642 243.906827 -8.867991
-95.051830 242.904127 -8.901598
-97.922020 241.877082 -9.071508
-100.708104 241.236633 -9.133483
-103.539358 240.641092 -9.155483
-106.410392 239.900691 -9.138507
-109.711549 239.106153 -9.306602
-112.120842 238.536924 -9.316875
-115.049325 237.826188 -9.430742
-117.771890 237.028321 -9.366058
-120.742682 236.494587 -9.222720
-123.501118 235.942158 -9.180860
-126.222137 235.788821 -9.361361
-129.029368 235.358213 -9.513430
-131.838199 235.156528 -9.640689
-134.857179 234.713405 -9.691226
-137.754148 234.310801 -9.763231
-140.853662 233.934301 -9.834883
-143.829748 233.651756 -9.895661
-146.857501 233.362865 -10.055422
-149.876374 232.954413 -10.162664
-152.770610 232.558314 -10.147570
-155.663052 232.253046 -10.161143
-158.816751 231.978053 -10.348631
-162.086113 232.117956 -10.474899
-164.865315 232.313655 -10.550577
-168.121292 232.041090 -10.507177
-171.365877 231.869308 -10.729324
-174.630561 231.956366 -10.751738
-177.542725 231.861625 -10.692776
-180.621209 231.382369 -10.740376
-183.610944 231.006410 -10.875924
-186.559410 230.370222 -10.958787
-189.454923 229.470258 -10.818838
-192.377936 228.287643 -11.121979
-195.069089 227.857088 -11.257090
-197.883493 226.639458 -11.381528
-200.810880 224.723826 -11.373195
-203.002312 223.824156 -11.473442
-204.914439 223.608971 -10.616609
-206.719903 223.117854 -10.207004
-208.908960 221.768339 -10.087361
-211.454575 219.926027 -10.067603
-214.151141 218.682543 -10.095140
-216.921503 217.099225 -10.196640
-219.532183 215.510394 -10.277921
-221.959477 213.897743 -10.405493
-224.670075 212.509043 -10.398187
-227.240227 210.921608 -10.484385
-230.039310 209.343371 -10.545025
-232.140191 207.688186 -10.450808
-234.738944 206.168963 -10.288685
-236.750388 204.291882 -9.802864
-238.697418 202.649568 -9.552194
-240.923218 201.160069 -9.795661
-242.660702 199.717412 -9.916307
-244.528255 197.881035 -9.542102
-246.167798 195.965775 -9.173846
-247.720672 194.050538 -9.120857
-249.317788 191.693913 -9.217580
-250.625571 189.585452 -8.709107
-251.818529 187.601435 -8.551677
-252.863337 185.061280 -8.468713
-253.834840 182.663340 -8.545819
-254.639241 180.304590 -8.876350
-255.563166 177.428787 -9.654598
-256.397620 174.817288 -9.980824
-257.359100 172.483045 -10.196860
-258.260352 169.595770 -10.243391
-258.972627 166.842753 -10.224231
-259.609517 164.637565 -10.165593
-260.220846 161.851168 -10.199481
-260.873014 159.192014 -10.290908
-261.450968 156.095867 -10.363312
-262.052888 153.666284 -10.399582
-262.724603 150.708008 -10.378425
-263.354895 148.452616 -10.256423
-263.989030 146.136828 -10.292174
-264.706363 143.876872 -10.312692
-265.438941 141.319011 -10.278949
-266.187492 138.657464 -10.320818
-266.921491 136.181500 -10.386761
-267.481432 133.445083 -10.395169
-268.213631 130.954851 -10.426891
-268.893599 128.420440 -10.429301
-269.257109 126.482762 -10.334171
-269.845366 124.750212 -10.661395
-270.361208 122.400958 -10.682193
-271.039220 120.496296 -10.818566
-271.582035 118.108621 -10.804119
-272.143371 115.426528 -10.860988
-272.693764 112.946956 -10.873786
-273.228560 109.998358 -10.934261
-273.859393 107.801786 -10.903987
-274.586620 105.749816 -10.927694
-275.278780 103.363659 -11.020132
-275.889349 100.292555 -11.094621
-276.513048 97.561794 -11.185157
-277.077170 94.758817 -11.267494
-277.810305 92.234089 -11.303046
-278.271365 89.452183 -11.318998
-278.876809 87.078348 -11.308934
-279.454510 84.497985 -11.423409
-280.298807 82.169002 -11.627031
-281.206225 79.842625 -11.721914
-281.878751 76.939589 -11.886932
-282.362224 74.055775 -12.173745
-283.289710 71.980173 -12.074998
-283.719038 69.022049 -12.118501
-284.311442 66.683097 -12.153173
-285.307815 64.211513 -12.328831
-286.146895 61.614416 -12.434703
-286.760813 58.721223 -12.582880
-287.692987 55.732871 -12.773529
-288.298732 52.826090 -12.964700
-288.883295 49.781842 -13.179493
-289.201207 46.250943 -13.298930
-290.022630 43.508424 -13.410264
-290.646495 41.058040 -13.354175
-291.149243 38.835052 -13.568770
-291.355250 35.710598 -13.479231
-291.458336 33.065946 -13.237786
-291.319913 30.329784 -13.204493
-290.795244 26.869234 -12.367959
-289.879946 23.349637 -11.561489
